01139000
01139800
01142500
01144000
01162500
01169000
01170100
01181000
01187300
01195100
04296000
01333000
01350000
01350080
01350140
01365000
01411300
01413500
01414500
01415000
04074950
04105700
04115265
04122200
04122500
04127918
04127997
04161580
04185000
04196800
04197100
04197170
04213000
04213075
04216418
04221000
04224775
04233000
04256000
03010655
03011800
03015500
03021350
03026500
03028000
03049000
03049800
03050000
03069500
03070500
03076600
03078000
03140000
03144000
08101000
08103900
08104900
08109700
08150800
08158700
08158810
08164300
08164600
08165300
08171300
08175000
08176900
08178880
08189500
08190000
08190500
08194200
08195000
08196000
08198500
08200000
08202700
08267500
08269000
08271000
08324000
09081600
09107000
09210500
09223000
09306242
09312600
09497980
09505350
09505800
09508300
09510200
09512280
09513780
10234500
10244950
10336645
10336660
10343500
12010000